2500
1471,1657,2122,2405,2496
1392
1534,1814,2236
1479,2384,2392
1763,1824,2362
1431,1757
1309,1564,1896,1897,2324
1338,1714,1793,1932
1726
1416,1648,1825
2088,2128
1628,2172,2430
1376,2229
1795
1292,1412

1353,1389
1363,2325


1289
1423
1389,1405,1540,2121
2165
1520,1941
1706
1472,1484,1487,1562,1591,1730,2263
2230
1304,1620,2295
1605,2456
1651,2257,2369
1281,1538,1564,1777,2457
1308,2405,2429
2443
1521,1936,1975,2041
1521,1698,1702
1344
1394,1444,2262
1783,1935
1928,2292
1671,2099
1901,2028,2112,2170,2224
1942
2301
1728,2216


2421
2045,2195,2211
2472
1792,1997,2212
1729,1900,2178


2022
1289,1733
1287
1340,1394,1800
1378,1387,2228,2268,2459

1513,2054,2328

1494,2157,2427
1444,1498,1780,2370
1657,2253
1308,1518
1464,2367
1428,2491
1255,2132
1889
1403,1638

1494,1524
1632
1569,1770

2037,2314
2450
1361,1478,1650,2325
1318,1349,2153,2254

1748,1894,2343

1974,2421
1363,1769,2271,2419
1868

1663,2208

2425
1303,1637

1724,1976
2261
2168
1606
1989
1298,1721,1853

2298
1915
1897
2193
1536,1557,1838,2016,2460
1367,1706,1994
1665,1761,1943
1661
1272
1357,1504
1901,2443
1348,1795,2191
2366
1823,1831
1895,2019,2094,2397
1480,1536
1921,1941


1879,2223,2272,2445
2067,2127
1829
2034

1451,2044,2391,2410
2007

1704
2274
1584,1730

1722,1771
1927
1524
1543,2045
1920,2279
2485
1317,1422
1788
1406,2152


1969,2040
1615
1278,1653,1735,2390,2437

1950,2223
2052

2483
1996,2200
1674,2456
1837

1642,1908,2386
1553,2060
1318
1363,1645

2022


1523,1897

1724,1844,2320,2381,2458
1638,1926,2222
1441
1309,1928,2237,2271

1517,1811
1812,1995
2073,2234
2325,2474
1481,1655,2055
2416
1802,1836
1353,2434
1672,1794,2479
2372
1294

2049,2124
1332,1519,2379
1759
1453,1976,2014,2122

1383,1550,1629
1459,2090,2186

1406,1785,1829,2304,2315,2357
1676,2109
1665
2036
1849,2382
1472

1434,1862
2030,2067,2148,2154
1425,1559,1946,2177
1309,1963
1731
2297
1291
1431,1618,2276,2492
1425,1863
2275,2348,2464
1998
2422
1685
1412,1495,2221
1626,1856
2059,2116
1932,2037
2336
1868
1394,1651,1944,2330

1282
1427,2430,2489

1269,1756,1901,1946,2471
1658
2240,2303
1529
1715,1928,2118,2283,2318
1723,2154
1996,2330

1526,2327
1442,2024,2153,2159,2305
1403,2063,2184,2259
1329,1660,1681,1783,2484
1441,1729,2025


2349,2489
1300,1452,1653,1715,2079,2086,2112

1506,2008,2048
1738,1843
1516,2051,2110
1327
1884,2391,2406
1558,1620,1840,2116,2496

1620,2054,2389

1651,2161

1888,1916,2088
1714,2281,2369
1550,2267,2270,2377


1983,2000
1444,2361
1563,2285
1643,2152
1419,1563,2394
1615,2347
2147
2188
1546,1939
1649

2049
1642,1694,1926,2120
1594,1650,1769,2463
1525,1536,2228
1457,1505
1982,2312
1622,1930
1620,2379
2442
1363

1432,1772,1981,2291
1336,1546,1903
1826,1939,2119
1872
1253,2178,2211
1907
1474,1899,2373,2479
1432,1783
1796,1950,2341,2369

2370
1297
1833,1854
2104,2110,2237
1920
2101,2338,2369,2419
1416,2300
1728,1769
1340,1438,1528


2103
1307,1309,1456,1555
1389,1789,2022,2247,2428
1443,2118,2400
1409,1999
1293
1354
1587,1588
1267,2228
2072,2162,2416
1393,1485,1504,1748,1982
1491,2149,2310
1291
1329
1902,2094

1531,1667

2498

1941,2310

1475

1885

1980
1548,1838,2470
1398,1547,1848
1635,1834,2249,2348
1325,1346,1414,1564,1593,1648,1766
2016,2138
1260

2486

1268
1708,1847,1999,2054
1367,1695,2276
1381,1991
2083,2106
1448,1984
1272


2151,2423
1863
1766,1901,2324
1323,1806,2030,2153,2256
1627,1629,2178
2171
1430,2004

1769
1526,1570,2087,2422
1393,1471,1671,1678,2071
1261,1301,1564,1652,1961
1306,1717,1855,2116,2366
1925
1668,1913,2019
1420,1617,1641,2287
2418

1254,1387,1442,2253
1587,2159
1373,1567,1697,1842,1966
1292,2184,2270
2012
2471

1421,1673,1715,2226

2393
2453

1411,1521,1583,1622,1887,2146,2325
2247
1266,1835,2121,2400
1454,1763,2023
1359,1620,2456
1641
2144,2368,2388
1907,2000,2161,2292,2374
2462
1288,1725,1858
1681
1835
1344,1781
2070
2044,2162
1619
1307,1782
1782,2326
1485

1995
1443,2415
2271
1522,1525,2224
1944,1947,2039
1451,1583,2311
1252,1785,1975,2222,2379,2497
1373,1783,2248
1804,1873,2072
2005,2189
1596
1992
1601,1954,2256

1522,2480
1365,1654
1657,1912
1794
2087,2247,2406
1459,1529,2366
1373,2385,2394
1719,1791
1263,1731
1570,1973
1360,1660

2059,2406

1420,2032,2095
1558,2054
1386
1377
1350,1655,1946
1305,1746,2063,2175,2265
1575,2243
2138
1345,1355,1645,2009,2460
1735,2246
1474,1806
1416
1441,1547,1607,1996
1672
2163
1362,1691
1881,1966,2017,2356
1716,1928,2230
1842,2300
1307,1935,2216
1907
1398,1668
1609,1831,1977
1986,2276
1437,2481
1368,1748
1881,2096
1342,1491,1696,1966,2242
1376,1645
1431,1544

1708,2332
1877,2286
1456
1943
1604
2095,2198,2247,2283
1609,2206,2307,2392
1590,1720
1350,1821,1928
1694,1906,1933,1997
1855,1977,2395
1308,1359,2240,2393
1563
1255,1571,2355
1322

2379
2019
1561
1560,1937,2436
1402,1438,1660,1952
1451,1457,1932,2332
2049,2117
1469,2194
1331
1272,2384
2473
1593
1283,1348,1778
1260
1389,2002,2262
1794,1937,1964,2354
1900
1520,1556
1511,2111
1344
1251,1600,1941
1303,1379,1715
1348,1648
1349
1800,1964
1323,1441
1967,2005
1559,2111
1808,2408,2439

1710,2146,2217
1907,1987

1587,2000,2391
1443,1759,1767,1784,2415,2451
1342,2113
1486,2115
2349
1519,2154

1333,1743,2239
1627,1628,1852
1254
1263
1262,1991,2379

2395
2298
1581,1906
1733,2388
1762,1989,2061
1756
1673,1972,2007,2287,2380
2106
2075,2103,2277
1404,1870,2380

1710
1586,2401
2011,2358
1909
2340,2388,2464

1810
1795
1611,1981

1707,1910,2120
1626,1790
1594,2467
1853,2065
2230

1290,1709,1942
1490,1527
2457
1428,2157,2429
2416
1686,2039


1382,1667
1287,2147
1598,1930,2052,2057

1345,2317,2372
1538

1397,1625,2004
1875,2138
2121,2192,2392

1649,2315
1514,1642
1860
1470,1926,2271
1710,1779
1637,1738,1832,2272
1460,1723
1745,2216


1703,1738,1800
2336
1567,1976,2061
1479
1307
1418,2375
2418
1298,1391
1366,2070
1466,1599,1681,2021
2106
1370
1833,2460
1429
2124,2156
1566
1613,1710,2236
1713,1908,2237,2283
1699
1320,1340,1945,2079,2128,2318,2485
1364,2238
2486

2054,2253
2004,2113,2226
1982,2014,2402
1430,1711,1773,1813,2317
1998,2156,2272
1777
1383,1940
1256,2257
1520,2299,2479
1531,1664
1419,1472
1549,2057
2227
1388
1314,1446

1404
2395

1529
1262,1673

1916,2215
1648,1796

1552,2288

1497,2080
1298,1552,2359
1303,1429,1473


1308,2040,2200
1641,2176
2295
1634
1553,1717
1691,2223

2057,2360
2096
1562,1630,1900
1387,1391,2179
1424,1456,1904
1567,2371
2146
1317,2011
1266,1270,2373
1398,2102,2112,2132,2153,2499
1330
1292,1385,1688,2077
1524,2105
1934,1990
1408,1919
1364,1419,1468,1506,1809,2198


1576,2393
1298,1392,1738,2013
1582,2286


1553,2197,2300
1293,2227
2042,2116,2249
1536
1648
1354,1786,2041,2223

1646,1657,1925
1770,2497
1352,1399,1553,1755,2073
2116,2250
1958,2333
1463,1602

1964
1325,2054,2453
1290,2020
1500,1647,2244,2264
1676
1942,2186
1622,2170,2363
1446,1724
1446,2035,2213
1861,2205
1492,1899
2307
1401,2286
1281,1480,1555,2384,2477
1716,2289
1412

1951
2422
2059
1409,1860,2027
1960,2353
1701,2084
1997,2423
1508,2162,2268
1886,2344
1883,1920
1712,1749

2030,2257,2352

1318,1360,1389
1736
2121,2189,2414,2425
1273,1578,1871
1345,1434,2224,2311
1861

1616,1743,1930
2482

2103
1263
1443,2413
1486,2385,2402
1513,1741,1918,1946,2009
2384
1336,1924,2078,2442

1332,1340,2150
1643,2069,2130
1565,1695
1713,2035

1330,1511,1895,2468
1557


1285,2230
1286,2229
1824,2083
1308,1520,1690,1922,2281
1301
2495
1335,1999
1354
2028

1517,2062,2465
1480,1585,2141
1676
1467,2398,2487
2081
1814,2000,2182
2443

1258,1315
2389
2038,2336
2099,2211
1349
1858,1947

1396,1782
2440
1554

1854,2138
2235
1358
1456
1650,1857,1934
1590
2258
1340
2243
1629,2491
1330,1644,2120
1492,2245
1786

1826
1953,1959,2237,2364,2367
1693
2075,2138

1576,2054
1951

1935,1981
1535,1613,1801,1825
1884,2491
1492,2239
1456,1729,1818,2294
1363,1581,1619,1767,2274


1519,2273
2340
1638
1334,2101,2350
1601
1608,2402
1592,1611,1804
1803
1355,1857


1487,1612,1693

1572,1693
1453,1477,1963,1999,2185
1423,1441,1701,2318
1251,1879

1589,1775
1401,1453,1694,1696,1779,1926,2109,2207
1317,2137,2217
1902,2270,2313
1751
1412,1962,2079
2422
1731,1886,2352
2390
2458
1842
1582,2416,2472
1517,2170,2399
1256,1377,2113
1286
2331,2394
1913
1529,1749,1783,2063,2256
2322
1474,1775
1737,1995,2061,2090
1821,2007,2328
1305
1924,2402
2314
2079,2485

1459
2040


1531,1781
1392,2042,2053,2234
1583,1934
1709,2390,2460
1788,1861,1983

1944,2270
1883,2262
1820,1973,2315,2380
1450,1538,1835,1921,2401

1462,1494,1631,2429,2472
1962
1510,1585
1542,1667,1714,1759,2182,2214
1341,1510
1774,1989
1397,2190,2324,2477
1655,1671,2003
1304,1370,1775,2196,2202,2224
1302,2237
1321,1360
1754,2321,2478
2041
1681,1980
1380
1884,2203
1643,1742,2391
2188

2079
1693,1799
1405
1510,2158
1500,1922,2120
1294,2088
1952,2262
1480,1735,1850,1876,2026
1874,2022
1314,2105,2252
1394,2125
1290,1493,2293,2321
1718,1757,2244,2438
2263,2487
1264,2418
1371,2114,2285

1593
1798,2073,2467

1289,1341,1497,1939,2076,2308
1700,2001
1447,1791,2045,2143,2495
1281,1602,1960,1968
1380,2281
1402

1796,1891,2125
1629,1671
1965,2134,2186,2211
1833,2101,2366
2050,2287
1727,1969,2499
2229,2311,2352
1264,1809,2121
1686,2368,2382
1770,1893,2152,2154,2317
1384,2238
1551,2212,2346
1288,1424,1731,2214,2333,2352,2408
1769,2049,2160,2331
1424
1850

1332,1734,1811,2255
1723
1563,1884,2358
1978
1468,1504,1828
1662,2453
1545,2320,2366
2454
1604,2355
1602,1846,1949
1482
2374,2454
1511,2134
2054
1642
1337,1549,1599,2491
1373,1974
2177
2196,2268,2340
2065,2256
1441,1958,1968,2079
1454,2040,2231
1262,1556
1993

2091
1330,2284,2346
1826,2000,2028,2216
1286,1353,2035
1604
1981,2327
1364,1763
1834
1558,2205,2317,2448
1380

1630,1745,1967,2380
1463,1887
1475,2455,2497
1916,2100,2336
1440,1952,2296
1318,1679,2126
1719,2265
1981,2039

1956,2161

1314,1792
1821
1422,1435,2078
1666,2490
1394,1438,2167,2403
1972,2084

1372,1902,2020
1783,2325

1660,2137
1694,2301
1375,2049,2057,2190
1508,2044

1339,1630
2378
1396,1608,1992,2015,2499
1752,2078,2305
1747,1831,1882,2148
1260
1698,2224
2430,2475
1447
2150
1683,1931
1511,1924,2135
1734,1839,1872
1342,1547,2104,2192

1432,1855,1975,2057,2177,2406
2067
2394
1359,1656
1328,1348
1668
1347,1751,2263,2427
1455,1542,2109
2146
1459,1551,1561,1662
1854,1921,2143
1353
1612,2147
1269,1582,2009
1453,2052
1756,2470
1375,1853
1415,1854,1987,2038
2398
1334,1392,1913,2473
1443,1696,1791
1644,1652,1670,1781,1899
1365,1506,1737
2335
1627

1251
2245,2487
2426
1423,1596
1793
1803,1957

1551,2387
1513,1834,2432
1862,2442

1458,1778,2013
1263,1633
2110
1503,1658
1471,1625,2082,2104

1663,2124,2276,2368
1434,2245

1494,1790,2265
1374,1542,2172
1618,2299
2026
1336,1390,1604
1627
1627,1981,2014,2237
1350,1526,2007,2101,2159
1732
1271

1283,2270,2271
1485
1372,1935
1590

1568
1449,1602
1862,2153,2323
1815,1974,1978,2139,2462
1889,2068,2100
1977
2169,2193,2307
1795,2063
1959,2417
1813
1317,1560,2166,2438
2064
1388,1446,1793,2371
1861
1352
1312,1960
1339,1819
2409
1609
1487
1941,2208
2245
1433,1882
1319,1469,1590
1333,1945,2358
1523,1943
1491,1743
1340,1414,1493,1990,2367
1340,1974
2152,2388,2402

1351,1640,1871
1651,1683
1306,1531,1991
2234
1408,1541,2130
1353,2001,2031,2118,2251
1336,2428

1269,2063
1370,2027

1479,1651,2483
1604,1985
1511,1768
1706,1987,2141,2172
1638,1834,1932,2316

1275,1335,1342,1558,2172,2204,2275
2434

1626,2201,2370
2221,2250
1570,1719,1866,1973,2290,2481
1622,1798,1995,2377
1987
1429,1541,1960,2329

1804,2259
1385,1716

1624,2113
1368,1856,2265
1499,2265

1692,1959,2342
1675,1911,2092

1842,1882
2194,2352
1974
1653,2414,2500
1385,1401
1410,1636,1950
1282

1318,1383,1896,2139,2155,2176

2158,2500


1599,1880,2458
1437,1639,1672,2429
1950
1631
1773,2216
2145,2407
2262,2360,2402
1554
2285

1626
1265,1987
1855,1915,2016,2105
2346

2312
1740,2265,2397,2431
1822
1999
1333,1392
1374,1498
1592,1875
1492,1989
1546,1797,2412
1289,1608,2318

1691
1332,1890
1882,2302,2325
1698,2279
1509,1534,1695
1654

1732,2089
1315
2230
1425,1966,2380,2452
1448,1763,2351
1316,1424,1789
1712
1590,1636,1637
1347,2044
1990
1886,2109,2382

1844,1890,2243
1701,2457
1725
1754,1882
2423
2284
1880,2148,2323
1898
2394
2033,2334
1991
1654
1838,2440
1632

1445,1995
1306,2182
1871
2242
1302,1639,1834,1913,2441
2212
1777,1956
1576,1633
1688,2135

1740,2058,2486
1711
1259,1424

1998,2000,2484
1322,1359,2056
1287,1516,2425
1856,2086,2120
2447
1644,1764,1989
1771,2349
2157,2163
1294
1629,1648,2411
1667
2261
1402,1482,2410
1264,1304,1331,2024,2083,2178,2259
1752,1985
1997,2142,2167
1672,1876,2236
1498,1975

2011

1266,1976,2364
1399,1571,1600,1796,1876,2370,2495

1905,2134,2227,2390,2451
1887

1348,1494,1548
1998

1555,2364
2430
1916,2156,2433
2046
1551,1851,2062
1302,1615
1431

2233
1315,1898
1418,1685,1728,1772,1867
2279,2489
1326,1630
1820,2324
2203
1516,1678,2163,2453
2110,2363
1784
1592,1621,1622,2387
487,801,1011
398
280
360,509
69,464
599,816

744
1200
329,480,975
353
511,612,930
414,510,710,1023
878,898,1215
1139
374,639,1223
305
333
220,998,1086
639
1040
108,339,476
702

1095


144


32,681,887
217,1121
479,1042

726
727,817,936
57,549,1204
381,903
21,56,884,1152
540,670,875
202,309
15,363,642
302,655
179,869,1210


287
98,576,620,650

236
353,730
854,1192,1237
91,488,621
29,853,1215
425,825
354,1080,1189
298,388,439,573
33,66,462,624,729
7,167,199,298


1062

606,873,955
744,1162,1241
1166
137,638,805,1057
80,156,699,949,1123
1070
588
855
465,1203
345,492

327,669
1244
241
989
231,310
641,722,765,934
475,1215
182,717,908,1155
507,1071,1147
788,1004
732,1095
277,715,1035,1084
923
8
970,1063
58,294,588,717,762,1074,1075
849,884
447,502,983,1095

37,384,486
428,552,703
327
991,1169
111,479,489,989,1229
80,490,748
424,459,1038
1078
663,1061
17,176,936,996,1083
303,659,733
428,793

109
757
376,462,988,1203
416,699,855
79
435
18,85,157,274,782
589,646,939
407,1007
577
105,335
445,1109

580,853,1087
879
962,1044
362,399,412,924
1032,1148
967,1001
13,448
423,816
59
488
859,888,942
336
548
186,598,1123
901
642,1106,1119
422
59,360,634
605,1059
17,23,299,481,699
1035
576,634
2,650,835,1004,1147
307,352
38,58,215,874,959

751,972
555,851
325,441,640
663,1224

680,804,1119
471,889,1214
71,230
522,608
23,866
139,189

645,1082
301,688
1120
372
15,209,683,808

327,1074
1002
10,292,431

574,1242
258,602,646
357,420
367
137,957
22,800,1014
635,903,905,1166,1200
198,204,1164

218
68,543
582,621,1103
348,595
6,203,449,1238
276,283,985
1069
196,703,1029
957

444,1129
294,471,959

948
166,232,432,492,800,928
229,360
300,393,501,711,1005
38,64,255
1188
606,675,676,1059
886,978
338,1165
1048
843
124,397,472
236
184,799,804,999
375,929
992
298,453,635,758,781
269,472
1022
187,411,830,994
565

845
666,945
67

578
739
646,912
474,1070
562
1,352,1026
27,194,602
621
282,430,822
319,946

799
79
4,572,1089
115,681,737,871
173
918,1214

27
307,390,1043
503,712
27,796,1066


541
308,447,1073
678,766,780,1150
875,1074
63,73,845,1031,1229
209

619,884
64,1148,1219
1110
671,868


1025
109,307,912
269
238,646,1007

692,968
1158
847,849,867
485,722,920,981,1091

61,713,1019
560

240,1204,1247
169,736,815
66
182,505,785
25,484,600,729
35,36,372
395,406
162,1072
73,133,643
268,395
228,351,1038
541
294
223,411,611,820

313,601,834,1080


3,1158
778
104,115,268,657

32,553,843

23
1082,1103
848,992,1032
134
449
914
262,277,1151
325,432,983
324,1229
603,923
186,251
902,994,1018,1236
617,620
155,628,654,663
753,1135
298,681,1232
484,930
104,723
243,421,941,1095
198,494
470,1057
469,994
27,633
256,258,463,910
7,32,327,353
719
584
362,571,636
1047
75
351,415,1100
464,1224
798


426
649,774,1195

702


515,782
651,814,998
372,397,836
129
737,847
525
304,361,500
304
803
458,760,1045,1070,1168
27
791,1149,1250
327,478,881
267,536

402,1014

550
578,923,1128
487,1224
404,789
666,887,917,1048

455,916,937,1035,1090
30
96
432
790,972,1152
442,457,1065

532,791
796,997
585,778

143,259,1237
706
357
203,1033
387,782
29,243,245,272,376
1250
271,372,674,1101,1250

1108
555,1026
210,535,1098,1138
346,508,1009,1036,1037
12,508
186,346,764,892,1211
633,944,970,1244
845,1131
74,1186
1023,1195
627
326
1120,1168
91,564,1168
71,165,787,1093
1129,1192
1078
357,377,625
154,266,560,922
257,718,861
765,1006,1207
157,428,448
661
671
10,327,489,615,658,1211
263,559
79,267,759
31,215,247,1079,1089
353,1006
144,236,1118
407,1159,1184
173,424,852
988
1,65,408,661
221,1025

231,416,471,965
107
913,994
88,1028
601
106,191
958
313,548,848,1212
356,441,990

1006
41,352,852,892
177,433,1129,1218
367,519,612
151
1113
190,672,738

352,1247
949

231,382,578,858

980,1079

208,1242
545,899

642,1196

729
435,629,1154
1112
771,796,798,865
266,460,804,966
335,719,1158
447,804,1005
362
36,976,1157
587
885
690,800,1174
36
569
127

26,105,1092
534
334,451
540,837
497,524,563,585
595,1199
695,1167
586,720
8,250,848
224,236,367,488
437,682,1106
354,628
876
413,950,1100
458
98
131
225,565,909
93,164,675
381,1175
9
896
45,293,1242
52,232,781
27,129
200,414,810,903
1039,1161
56,516
908,982
144,429,871
700
823,1007
239,564,569,650

1144,1198
713
861
507,706,1073

566,944
425
974
82,307,445
695,820

807,991
973,1216

856,1176
663
220,518,1000
6,876

183,501,848

106
517
5,375,939,1165
1207

327,344
501,782
1091
85,267,293,350,904
75,662,900
131,1208
276,1242
595,1132
850
803,822,853

32,597,1194
479,1022
563,804
64
384,834,1006
388,389,751
39,231,283,399,820,963
501,1249
189,398
659,767

138,838
299,1166
535,1031
413,886,1005
51,955
8,1015,1059
177,409,482
14,111,531,1054
284,615,891,1224
1151
882,1101
865
58,491,569
778
175
792,1016
400,791,1105

345,430

495
646,898
530
169,908
170
595,1056
3,741
1050


781
1063
842,1245
459,824,956
1145
113
5,728
10,778
278,769,935

912
121,189

113,442,974
564
288,581,894
326,940,1019,1093,1192
374,383,843
175
152
104,324,1185
982
243

362,438,813,1115
239
164,1173

917
334
325
193
871,906
1236
508
98,537,1001
288,755,995,1002
354,461,985,1140
210,1109,1205
759,793
381,749

561,688
677,704,838,1060
196,1020,1049
204,343


1100
1242
86,214

522
702,1078,1190
279,982
400
872
556,1149
871,1218,1224
452

119,801
1128,1179
436,446
974,1069,1115,1156,1176
694,841
242,779,860,910
321
693,810,1171
372,945,1227
249
70,1051
1155,1173
891

900
82
114,722
7,1123
7,102,162
1180,1241
282,678,1006
52,483,633
42,110,220,344
311,806,962
277
635
1226
460,515
281,379,440,498
154,586
527
534
1113
408
356,819,1004,1192

101,1140
249,614,947,1234

713
645
135,290,694
116,843,995
729,868

715,826,981
355,661
165,266,562,804
132
40,167,224,437,459

271,550,706
980
8,212,472,1093
460
644,759,836
39,439,777,1044
35
470,482

262,278,884
598
25,116,317,487,1067
43,540,673
106,454,1072
215,396,840
588,1071
198,220,424,713
396,749

917
146,284,1120,1130
685,775
471,870,948
770
404

953,1194
1016
665,928
770,1055,1112
689,887,1062,1103
353
808,846
199,799
482,491,668
893
362,436,447,1164
493,944
887,928
142,896


519,960
415,842,1100
84,924,1050,1075,1117
35,398,985,1219
93,184,571,1223
442,461,1052
911,1050

323,858
276,532,777,938,951,1037
270,307,594
254,838
338
1090,1216
443
498,1002,1092,1102,1139

97,517,850,1150,1207
644,1074,1170
336,511,1080,1183
403,972
931
105
170,392,823,1101,1188
150,226,432
51,460,691,1217
206,596,1202,1230
301,334,732,799,1146
254,379,500,741,935,1202
885,1083
481
852
348,555,593
401,493

125,519,824,1038
238
428,713,998

526,638,1221
364
650,1022
184,594,1037
972
104,328,1140
436

114,356,468
670,962
578
55,159,299,872
375
229,1215
232
871,1034
688,1087
42,734,935

197,345,697
1083
420
1182
122
676,720,936
192
77,212
746,1002
396,545,951
142,624,831,929
35,659,857
656,835

124,386,968,1169
49,134,886
1235

238
181,265,473,904,967
895
240
147,550,999
835
61,245,334,421,592,669,774,921
173
1203
550,603,631,967,985
1198
211,418,687
155
517,571,823
736,1236
230,425,820,1054,1086
1058
537,927

120,197,986
1051
718
385,577
352
306,400
171,663,882

521,772
884
642
715,957,973
236,588,808,828,864,928
619
740
1026
337,728,1215
690,960

236,1205
351,410
11,249,869
1161
187,823
933
1113

114,311
420,456
446,632


41,747
947,1051
291,788,894,1038
640
297,521,709
289,983,1026
643,873,1140
337,520,579


190,804,992,1171
240,289,1024,1248
485,494
42,236,640
502,593,816,1108
879
503
211,243,354,656,664
473
224,300,1083
278
266,534,765,868,1205
23,374,557,701,898
1,184

181,583,1028
874,891
949
120
11,588

718,1082

69,640

893,920,1226
981,1196

805,965
328,427,556,755,772
1050,1123

737,1092
1217
886,995
378
1133
372,497,637,993
260,549,997
197,974,1179
308
717,979
342
139,257,900,1076
80,229,345,640,1049
197,225,505,900
1123
583,596,1234
63,543,1209
867,1125
229,361,1038
904
247,379,953
306,386,692
434,1209,1247

24
1057
959,1217
95
1053
42,674,815
347
12,1032,1092,1095


425
625,1123
198,925,985
52,280,346,1215
634


741,848,1189

230,363
799
187,673,893

261,862
401,701
851,967
111
557,983
103,1053
474,1116
49
853,926
654
456,646

150,624
1098
853
860,1246
1095
677,941
457
804
88,1067


49,280,747,893
51,902,1193
676
848,903
614
45,439,566,935,1132
497,805



209,1099
165,398
119,146,629,659
42,395,703,853,976

367,593
604,655,1226
59,268,305
13,727,897
28,437,538,726,1163
929

1240
171,835,1081
756
3,585,1218
167,289,586,770,854,1037
589,901
507,780
222,462

447,1191
426,763,1173
671,876
766,1012,1029,1068
429
299,373,410,456
399
326,656
664,1099
1083
873
65,360,592
80
908
345,404,820,927
31,599,697
761
230,1105,1215

94,1213
38,481,841,870,1134
27,877,991
671
425,950,1031,1109,1110,1144

251
59,692,926

251,363,806,840,1042
85,167,394,562,1042
119,564,596
785
128,782
205,1095
203,335,443,1028
521

135,1157,1243

250,729,888

224,456,586
934,1178
256,879,1136
452,651,680
357,519,895
617
682
1100
276
40,379
875
781
29,626
948
201
100,514
600,1033
292,438,654
44,966
1156
222
189
229,973

457,679,1053
884

308,317
397,703,897
270,1143
806
77,827
189,559,842
1093
552,595,900,941
224,588,800,1152

164,914
856,875
821
1049,1179
7,344,851,1245
18,79,172,372,963,1156
389
228,938
61,824
1103
215,226
818,904
451,472
665,903
1182
1008
213,570,746,947

291

528,786,926
284
1112
82
693

902,934,1141
259
205,326
235,504,1208
788
1165
697,810,897,903,1116
689
482
464,916
436
189
526,910,1071
620
631,1134
255
5
674,1248
770,1223,1232

112,354,411,894,914
67,770,1074
378,899,1028
31,250,284,291
64,286,1098,1224
636,1059
178,552
282,639
379,919
574

251,1101
971
182,272,398,467,511
519,522,842,944,1164
164
193,899,1171

4,476,681,714
412,712
154
1018,1250
378,516,528,1076
245,745
144,811,837,1226
124,242,500,861
4,457,557
369,462,649
258,412,818,987,1181
461,513,609

114,1144
739,1003
815
300,374
525,843
594,712,790,826,1076,1134
959

1,33
242,410,418,985
1133
495,903
1064
124,1214
1211
1151
711
701,1118
393,501
174,306,544,814
1055
358,575,878
85,291

48,84
207,351,686,809
342,691,1177

90,701,1204
1013
63,991
299,1084
33,543,845,1129
12,218,977,1233
1144
1019
1234
176,1096

470
144
876,1057
495
752,1185
1192
273,715,1020
34,110,742

119

1206
941

78
501,1226
1164
370,669,913,1247
915,919
946
30,151,376
32,542,1174
164,812,1128
59
104,428,581,837

380,1050
267
205,528
736

536,882
722

324,1000
220,365
50,814,845
477,1004
172
977

681,851
856
177,282,600
406
444,1100
707
149,1089
231,1202
136,588,828
331,590,1198
739,877,1012

218,235,1243
958
68,764,779,923
203


731,886,1224
1,243
398,662,946
315
640,896,972
1118,1125